              precision    recall  f1-score   support

           0       1.00      1.00      1.00        11
           1       1.00      1.00      1.00        15
           2       1.00      1.00      1.00        16
           3       1.00      0.94      0.97        18
           4       1.00      1.00      1.00        23
           5       0.96      1.00      0.98        27
           6       1.00      1.00      1.00        23
           7       0.90      0.90      0.90        10
           8       1.00      1.00      1.00        13
           9       0.96      0.96      0.96        23

    accuracy                           0.98       179
   macro avg       0.98      0.98      0.98       179
weighted avg       0.98      0.98      0.98       179
